   0.0000000e+00   0.0000000e+00
   8.4385199e-03   5.8990869e-02
   1.8199023e-02   1.1455173e-01
   2.9200598e-02   1.6676075e-01
   4.1362337e-02   2.1569608e-01
   5.4603328e-02   2.6143589e-01
   6.8842661e-02   3.0405834e-01
   8.3999426e-02   3.4364159e-01
   9.9992714e-02   3.8026380e-01
   1.1674161e-01   4.1400315e-01
   1.3416522e-01   4.4493778e-01
   1.5218261e-01   4.7314586e-01
   1.7071288e-01   4.9870555e-01
   1.8967513e-01   5.2169502e-01
   2.0898844e-01   5.4219242e-01
   2.2857190e-01   5.6027592e-01
   2.4834460e-01   5.7602368e-01
   2.6822563e-01   5.8951387e-01
   2.8813408e-01   6.0082464e-01
   3.0798904e-01   6.1003415e-01
   3.2770960e-01   6.1722057e-01
   3.4721486e-01   6.2246207e-01
   3.6642389e-01   6.2583680e-01
   3.8525580e-01   6.2742292e-01
   4.0362966e-01   6.2729859e-01
   4.2146457e-01   6.2554199e-01
   4.3867963e-01   6.2223127e-01
   4.5519391e-01   6.1744459e-01
   4.7092651e-01   6.1126011e-01
   4.8579652e-01   6.0375600e-01
   4.9972304e-01   5.9501042e-01
   5.1262514e-01   5.8510154e-01
   5.2442191e-01   5.7410750e-01
   5.3503246e-01   5.6210648e-01
   5.4437587e-01   5.4917663e-01
   5.5237122e-01   5.3539613e-01
   5.5893762e-01   5.2084312e-01
   5.6399414e-01   5.0559578e-01
   5.6745988e-01   4.8973227e-01
   5.6925393e-01   4.7333074e-01
   5.6929537e-01   4.5646936e-01
   5.6750331e-01   4.3922629e-01
   5.6379682e-01   4.2167969e-01
   5.5809500e-01   4.0390773e-01
   5.5031693e-01   3.8598857e-01
   5.4038172e-01   3.6800036e-01
   5.2820844e-01   3.5002128e-01
   5.1371619e-01   3.3212948e-01
   4.9682405e-01   3.1440312e-01
   4.7745112e-01   2.9692038e-01
